1
7
4
-22.1111 17.1111
20.3889 16.7778
21.3333 -17.1111
-22.1111 -16.2778
6
-9.16667 10.7124
-11.1667 10.7124
-12.1667 12.4444
-11.1667 14.1765
-9.16667 14.1765
-8.16667 12.4444
6
4.55556 8.15684
2.55556 8.15684
1.55556 9.88889
2.55556 11.6209
4.55556 11.6209
5.55556 9.88889
6
-7.72222 1.3235
-9.72222 1.3235
-10.7222 3.05556
-9.72222 4.78761
-7.72222 4.78761
-6.72222 3.05556
6
-0.833334 -6.1765
-2.83333 -6.1765
-3.83333 -4.44444
-2.83333 -2.71239
-0.833334 -2.71239
0.166666 -4.44444
6
9.05556 -2.78761
7.05556 -2.78761
6.05556 -1.05556
7.05556 0.676495
9.05556 0.676496
10.0556 -1.05556
6
2.33334 1.37906
0.333336 1.37906
-0.666664 3.11111
0.333336 4.84316
2.33334 4.84316
3.33334 3.11111
