1
11
4
-13.8889 12.1667
20.7222 11.1667
19.3889 -15.2222
-15.4444 -12.7222
6
-5.38889 5.3235
-7.38889 5.3235
-8.38889 7.05555
-7.38889 8.7876
-5.38889 8.78761
-4.38889 7.05555
6
2.94444 4.8235
0.944443 4.8235
-0.0555573 6.55556
0.944443 8.28761
2.94444 8.28761
3.94444 6.55556
6
2.66667 -2.56539
0.666668 -2.56539
-0.333332 -0.833335
0.666668 0.898716
2.66667 0.898716
3.66667 -0.833335
6
-5.44444 -6.06538
-7.44444 -6.06538
-8.44444 -4.33333
-7.44444 -2.60128
-5.44444 -2.60128
-4.44444 -4.33333
6
4.05556 -11.2321
2.05556 -11.2321
1.05556 -9.5
2.05556 -7.76795
4.05556 -7.76795
5.05556 -9.5
6
10.8889 -4.06538
8.88889 -4.06538
7.88889 -2.33333
8.88889 -0.601283
10.8889 -0.601283
11.8889 -2.33333
6
12.3889 -8.1765
10.3889 -8.1765
9.38889 -6.44444
10.3889 -4.71239
12.3889 -4.71239
13.3889 -6.44444
6
-8.05556 -12.3987
-10.0556 -12.3987
-11.0556 -10.6667
-10.0556 -8.93462
-8.05556 -8.93462
-7.05556 -10.6667
6
-1.27778 -6.1765
-3.27778 -6.1765
-4.27778 -4.44444
-3.27778 -2.71239
-1.27778 -2.71239
-0.277779 -4.44444
6
-27.3889 -17.1765
-29.3889 -17.1765
-30.3889 -15.4444
-29.3889 -13.7124
-27.3889 -13.7124
-26.3889 -15.4444
