1
6
4
-18.5556 16.2222
19.6667 16.2778
21.5556 -14.7778
-17.6667 -14.1667
6
-11.2778 10.9902
-13.2778 10.9902
-14.2778 12.7222
-13.2778 14.4543
-11.2778 14.4543
-10.2778 12.7222
6
4.66667 11.0457
2.66667 11.0457
1.66667 12.7778
2.66667 14.5098
4.66667 14.5098
5.66667 12.7778
6
-2.88889 0.490172
-4.88889 0.490172
-5.88889 2.22222
-4.88889 3.95427
-2.88889 3.95427
-1.88889 2.22222
6
-5.77778 -7.12094
-7.77778 -7.12094
-8.77778 -5.38889
-7.77778 -3.65684
-5.77778 -3.65684
-4.77778 -5.38889
6
12.0556 -7.89872
10.0556 -7.89872
9.05556 -6.16667
10.0556 -4.43462
12.0556 -4.43462
13.0556 -6.16667
